1.1 87.66974470396524
1.2 94.60892620415378
2 100.0
3 97.46954076850984
4 100.0
5 98.89228418640184
6 99.02676399026764	
9 44.274809160305345
10 99.68063872255489	
11 100.0
12 99.9534233814625	
13 96.248382923674
14 99.25650557620818
15 4.249502982107356	
16 99.01256732495511	
17 99.89196975153043	
21 99.24845269672856	
23 94.12477286493035	
24 86.1986301369863
26 99.93243243243244
28 100.0
29 100.0
30 99.57550030321407
31 99.33868682097308	
32 99.94045846978267
33 99.52971355280035	
34 98.7012987012987
36 100.0

Average is: 92.74375020197294